1
18 189
9322 7347
4820 5826
1620 7684
6035 8511
7237 4303
4461 1692
9704 5911
5527 6017
4844 3242
2535 4185
7109 3232
1601 2630
9794 4291
7062 192
910 7081
784 2719
9041 7864
5788 6949
9935 9563
6575 3182
9172 2471
8672 937
6944 8269
955 407
8002 7778
4729 9536
9056 682
6395 2641
8517 6338
127 5542
9613 6979
5615 7935
7517 2791
5459 5628
7485 9266
4412 2985
7165 9432
535 7679
6505 8867
6021 8223
9945 3699
2830 7768
545 6972
2284 1355
3620 226
9975 6314
1742 9230
84 2397
3630 1774
4346 5184
1537 6207
4384 7273
466 6944
120 1212
4370 7173
4466 9731
2973 5357
4225 6645
1041 4526
8058 5392
4350 4699
3509 2072
7351 4264
3938 5258
5624 4763
4440 2368
8429 6531
4741 8760
4011 497
4852 8542
4482 8365
3506 1000
5206 2035
3608 6764
8288 4499
9652 5909
5623 6332
7051 9313
6629 3598
6412 8734
7183 6244
852 6273
9944 3670
5863 7155
7510 5836
4963 409
1095 3098
6476 780
3690 1530
5179 4387
1022 316
6841 4841
8920 3091
1948 2385
1641 3708
1846 1108
6365 2562
6539 6617
6119 1347
7784 821
3344 5972
5709 1275
6990 155
8832 1092
9714 934
9814 7928
111 5236
6782 5303
2151 9239
3020 8931
1618 2997
9386 2288
6347 9457
6930 6687
9602 8511
6271 8415
7797 6382
1509 2571
1334 7878
9209 8546
6913 5203
2715 5964
721 2870
2581 5982
5053 9877
35 5026
8815 1407
3817 2560
8007 8534
2081 1485
3342 6351
1609 7609
5153 293
7159 4187
5240 3433
4978 413
3914 3562
6463 9554
4171 4579
6347 10
9415 7295
5294 9267
3944 2977
1537 7943
9550 9591
3748 3825
5144 8486
904 5882
8228 1041
8402 632
2561 2718
3503 3957
2134 1309
135 1709
7836 5251
199 4363
8160 4079
5324 7635
6520 4732
6421 3835
1856 3030
3367 1927
5552 6403
3343 8455
4428 4153
5266 6366
9843 6996
4411 4692
8746 4004
7394 7077
6565 9590
2266 8886
7884 1419
4115 3476
685 4817
1795 6558
762 2428
1335 3083
4590 7989
6806 2592
2430 7334
3554 8668
5529 4655
3461 7619
8581 949
5308 6038
3605 6525
7310 9773
1460 4733